# Filas de supabase_migrations.schema_migrations antes del squash
#
# Copia de seguridad tomada el 2026-09-09, justo antes de sustituir estas 263
# filas por la única fila de la migración base (00000000000000).
# Se conserva por si alguna vez hiciera falta reconstruir el registro anterior.
#
# 263 versiones, de 20251210114819 a 20260909113127.

20251210114819
20251210114829
20251210121400
20251210121527
20251210121827
20251210122514
20251210122644
20251210122851
20251210124111
20251210141151
20251210165054
20251210204154
20251210211830
20251210222508
20251210230920
20251211080128
20251211091311
20251211092235
20251211093022
20251211105653
20251211105841
20251211111647
20251211115312
20251211124915
20251211143437
20251211144157
20251211160140
20251211161551
20251211223239
20251212084954
20251212095358
20251212104650
20251213102412
20251213115057
20251213122129
20251213172445
20251213173138
20251214104053
20251214181125
20251214183605
20251214183858
20251214194432
20251214215606
20251214221022
20251214223324
20251215104842
20251215112712
20251215143451
20251215150254
20251215180120
20251215192551
20251216073117
20251216085354
20251216085413
20251216085435
20251216085856
20251216095819
20251220123507
20251221111719
20251222085506
20251223071251
20251223085627
20251224072749
20251224075422
20251224075449
20251224101355
20251224102236
20251224105736
20251224113938
20251224160833
20251224160854
20251225120847
20251225122702
20251225124229
20251225124715
20251225165842
20251225170115
20251225174719
20251225175037
20251225175904
20251225180350
20251225180919
20251225184850
20251225191329
20251226110153
20251226114929
20251226180942
20251226181034
20251227093106
20251228112026
20251228124033
20251230171243
20251230171259
20260104114526
20260106113049
20260106173653
20260106182331
20260108074225
20260108075527
20260112084357
20260112095959
20260112121055
20260114100004
20260115115934
20260116073144
20260116093746
20260116110329
20260116112905
20260116163804
20260116163831
20260117115731
20260117115748
20260118151419
20260119190544
20260119192839
20260119195845
20260120072406
20260121072212
20260127072632
20260201113421
20260202180851
20260204162802
20260204170944
20260206113320
20260208105535
20260208161335
20260208162057
20260208163204
20260208164031
20260208165152
20260209085630
20260209113035
20260210090020
20260213073652
20260218074125
20260220072956
20260221170057
20260224072035
20260224085120
20260226120216
20260302085003
20260302101518
20260302111303
20260307160345
20260307164128
20260308095038
20260308113039
20260308132252
20260308153203
20260309194228
20260310085400
20260311074659
20260311122103
20260311180126
20260311193532
20260317095459
20260318084103
20260318163830
20260318163838
20260322141143
20260322143532
20260323114145
20260323180850
20260325105118
20260325105132
20260326114630
20260328194108
20260401181259
20260401181512
20260401212716
20260402075729
20260402090717
20260402090740
20260402092143
20260402092157
20260403084735
20260403085529
20260403085649
20260403092254
20260403104850
20260403133623
20260407073137
20260407085556
20260407090311
20260407091910
20260408112623
20260413174525
20260415130000
20260417144554
20260417181526
20260421110310
20260421110820
20260421191826
20260427140511
20260430075944
20260506133803
20260515091956
20260517165634
20260520070606
20260526113355
20260527141635
20260527155834
20260527162847
20260528061303
20260531160543
20260531161425
20260604055632
20260605135343
20260605135927
20260610064956
20260610112834
20260610113610
20260615184847
20260618063556
20260624085235
20260624154658
20260625072418
20260701135731
20260706145544
20260709162620
20260722151115
20260722154852
20260807172242
20260810162901
20260811161003
20260813110617
20260813122234
20260813123855
20260821181432
20260821200000
20260827214911
20260827215821
20260827220101
20260828064735
20260828070324
20260828071241
20260828073710
20260828090302
20260828100506
20260828103227
20260831104132
20260831155330
20260831181342
20260901100304
20260902063921
20260902064727
20260902072046
20260902072135
20260903095649
20260903103305
20260904180929
20260904181040
20260906170146
20260906171208
20260906180156
20260906180233
20260907082736
20260907082830
20260907151409
20260909111906
20260909111946
20260909113039
20260909113127
